4722045860972209
4722042706592972
4722042626113883
4722037988525168
4722025128269093
4721716972750922
4721715517063722
4721711873000349
4721709925795672
4721678863830153
4722042273792813
4721716829618223
4721672357418047
4721618624710486
4721332577375065
4721006272578720
4720890740477554
4720880050244346
4720790198555107
4720790190166899
4722457917784251
4722427164100106
4722400765153423
4722403140178323
4722569595585800
4722055499481538
4722052713680419
4721995197186525
4721990936560769
4721953003274663
4721927727876917
4721897625620309
4721828524983594
4721664661390590
4722800889955406
4722796251055562
4722772725727347
4722768325907497
4722760843267840
4722717893332745
4722650172359722
4722627446835500
4722781411087564
4722618416239236
4722721974649831
4722694292244238
4723162519178052
4723130415449993
4723279816295425
4723148866455859
4723137037469744
4723127639084292
4723127001813434
